points 1:
np.array([[371.1129032258064, 98.49354838709678],
		 [497.27777777777777, 109.96308243727606],
		 [617.7078853046594, 137.48996415770614],
		 [725.5215053763441, 178.78028673835126],
		 [805.8082437275984, 220.0706093189965],
		 [871.18458781362, 264.80179211469533],
		 [351.6146953405018, 593.9774193548387],
		 [553.4784946236559, 626.0921146953406],
		 [605.0913978494623, 630.6799283154122],
		 [732.4032258064515, 646.7372759856631],
		 [774.8405017921148, 652.4720430107527],
		 [858.568100358423, 658.2068100358423],
		 [170.39605734767025, 538.9236559139786],
		 [90.10931899641577, 119.13870967741946],
		 [191.0412186379928, 148.9594982078853],
		 [325.23476702508964, 318.7086021505377],
		 [357.34946236559136, 288.8878136200717],
		 [398.6397849462365, 265.94874551971327],
		 [430.7544802867383, 252.18530465949823],
		 [499.57168458781365, 261.3609318996416],
		 [578.7114695340501, 282.0060931899642],
		 [599.3566308243728, 301.5043010752688]])

points 2:
np.array([[391.75806451612897, 111.110035842294],
		 [474.33870967741933, 74.40752688172051],
		 [584.4462365591398, 51.468458781362074],
		 [704.8763440860214, 41.145878136200736],
	     [827.600358422939, 49.174551971326196],
	     [945.736559139785, 69.81971326164876],
	     [313.76523297491036, 496.48637992831544],
		 [458.2813620071684, 501.07419354838714],
		 [507.600358422939, 506.8089605734767],
		 [653.263440860215, 513.6906810035842],
		 [714.0519713261649, 514.8376344086022],
		 [858.568100358423, 521.7193548387097],
		 [222.0089605734767, 479.28207885304664],
		 [247.24193548387098, 209.74802867383517],
		 [324.0878136200717, 208.60107526881723],
		 [357.34946236559136, 298.0634408602151],
		 [376.847670250896, 262.50788530465957],
		 [402.0806451612903, 236.1279569892473],
		 [426.1666666666667, 215.48279569892475],
		 [478.926523297491, 199.42544802867394],
		 [544.3028673835124, 191.39677419354848],
		 [548.8906810035842, 204.01326164874558]])
